567
132
48
120
20
396
112
144
19
48
1120
160
351
36
80
135
264
90
216
26
36
256
32
72
96
18
144
144
240
32
72
44
168
39
160
80
552
69
144
80
270
17
248
48
51
80
240
65
252
39
36
110
180
36
48
96
300
120
51
117
80
116
108
17
660
128
144
490
128
180
350
72
750
150
185
16
5280
36
414
24
252
90
192
16
320
16
108
288
216
80
144
81
189
208
351
16
288
16
96
114
64
66
12
99
64
16
51
100
90
108
81
133
56
92
30
80
144
72
600
16
513
54
495
190
36
52
138
92
96
96
1092
252
555
144
16
144
176
240
112
26
144
111
54
16
32
24
48
111
36
8
95
32
27
36
72
108
108
48
16
135
39
624
64
96
112
360
72
48
165
48
18
45
16
480
20
18
17
240
48
270
108
34
18
405
16
352
966
200
54
348
20
120
16
16
162
108
420
0
128
120
144
81
60
120
144
48
144
336
48
270
120
51
16
360
24
264
72
132
16
48
520
256
72
17
324
16
32
90
144
66
360
16
96
44
180
384
132
48
16
60
110
231
16
480
138
1012
108
288
16
48
1470
48
16
5
10
16
114
165
450
273
200
28
200
160
336
200
138
185
200
200
185
195
200
185
156
16
200
200
90
65
72
378
297
8
120
396
18
528
176
36
132
1170
30
378
200
520
48
320
120
132
380
36
210
20
8
180
95
200
325
24
16
184
15
17
30
66
24
34
24
11
44
6
24
12
50
50
10
14
18
16
56
12
36
33
5
12
16
20
6
144
24
36
18
17
27
9
28
0
12
8
81
48
12
72
8
6
12
39
65
6
10
102
8
10
8
48
8
14
10
40
9
60
30
6
25
32
12
40
16
30
18
24
34
8
8
34
24
12
36
12
0
6
8
10
27
8
6
0
11
48
8
12
40
8
22
16
8
6
162
6
16
12
6
9
6
10
9
24
11
14
95
40
8
18
8
72
8
8
8
12
28
4
9
8
16
20
88
9
36
8
33
11
12
5
22
38
66
16
13
10
18
40
22
10
12
20
20
12
54
56
12
10
10
32
85
9
40
7
28
12
6
30
4
27
9
8
6
15
78
54
9
12
18
8
52
9
6
24
10
12
8
32
10
12
15
14
6
96
0
44
4
16
15
20
12
12
8
6
6
9
20
11
5
10
12
16
24
12
12
16
64
8
6
13
18
8
12
0
12
12
6
9
16
15
13
8
12
12
0
16
10
10
54
12
16
16
12
6
16
16
30
12
10
18
60
36
16
8
12
15
13
6
8
8
9
12
12
24
8
96
30
16
4
6
16
12
8
12
12
4
24
24
96
16
18
15
12
20
12
12
10
14
11
276
24
88
8
9
6
6
9
0
12
48
6
10
8
13
0
6
28
20
16
0
16
36
12
12
48
36
32
18
36
8
9
27
114
13
12
102
60
4
65
14
16
16
36
40
20
30
6
16
15
39
12
14
24
14
12
10
5
44
12
13
9
16
12
13
65
8
16
12
32
32
12
5
240
8
20
540
10
11
12
40
9
16
6
6
6
16
5
24
36
18
14
12
448
12
14
16
13
46
54
16
16
15
9
16
22
31
20
40
24
30
25
21
8
72
264
16
12
8
12
8
27
6
13
12
6
36
44
8
8
20
60
12
9
72
24
24
30
26
42
286
24
30
6
8
36
64
30
32
264
8
12
22
24
45
42
4
50
24
32
13
12
16
6
48
42
11
12
16
14
21
10
15
24
10
18
10
28
18
18
104
12
4
10
24
25
12
24
8
8
18
72
14
46
80
10
8
12
6
12
10
12
78
12
40
16
30
12
12
18
12
4
52
6
12
6
25
10
10
34
16
192
30
20
10
60
18
50
20
54
15
9
252
216
12
8
84
7
36
20
26
11
40
11
5
12
22
44
52
16
90
18
30
45
46
51
126
210
12
20
14
130
9
12
14
14
40
12
9
16
30
20
8
72
56
70
18
42
935
32
8
24
48
20
420
19
21
5
36
10
12
10
48
9
60
45
12
6
25
49
30
30
30
30
30
7
36
8
36
18
20
24
60
42
6
3
140
24
7
34
3
26
18
15
8
24
8
21
3
54
3
120
30
6
6
2
2
4
15
4
5
12
170
21
42
436
20
54
6
15
10
42
16
6
18
30
18
18
30
18
12
30
18
18
30
32
42
60
20
12
8
8
64
50
4
54
60
16
15
24
16
12
13
33
33
8
7
20
12
5
6
2737
56
308
24
42
20
42
40
30
28
30
26
30
30
30
30
26
40
30
27
42
4
5
5
4
4
10
4
4
6
2
2
5
15
5
8
756
20
1598
2068
217
702
20
10
21
20
578
20
42
18
20
18
18
20
14
20
20
18
18
21
18
20
14
18
18
174
174
76
110
130
174
210
6
12
18
12
6
12
6
30
36
0
4
36
10
18
14
30
7
12
24
18
168
138
28
24
24
28
18
45
90
54
372
30
30
30
30
30
30
30
30
30
30
28
28
21
30
30
30
6
6
6
6
6
5
8
4
5
8
14
5
4
8
10
4
10
702
20
612
1254
546
20
1222
203
799
612
341
546
308
20
231
18
30
18
7
18
24
7
30
28
21
18
12
30
18
18
18
12
12
33
18
7
33
30
26
28
6
12
18
18
16
48
8
8
8
8
8
8
12
12
48
24
14
255
48
22
16
30
6
24
72
16
20
21
10
38
36
12
18
48
102
32
36
6
16
25
12
20
60
1400
24
20
36
12
18
12
54
36
18
595
55
28
1
50
30
48
18
72
60
120
5
33
48
51
65
48
27
30
40
46
156
6
32
34
18
80
25
24
8
60
16
12
20
27
160
190
20
102
66
63
4899
56
45
16
28
6
24
34
12
25
26
72
22
141
376
21
24
7
12
235
51
45
22
534
12
18
52
30
24
100
6
24
16
72
1558
16
15
0
6
132
24
110
50
441
196
26
60
150
57
231
16
52
510
20
24
32
48
36
600
24
20
108
30
39
21
66
25
20
10
44
72
39
48
12
40
145
54
29
24
40
56
80
44
36
48
60
52
6
20
78
64
12
90
48
105
21
234
0
24
72
40
26
120
66
60
25
36
6
90
12
10
80
24
132
9
252
48
24
36
188
188
6
12
24
12
24
10
26
12
18
13
24
77
12
36
63
25
198
968
30
28
42
27
70
126
12
12
36
12
6
36
4
34
28
36
42
754
99
48
54
18
1890
4
60
18
36
27
12
16
30
45
18
24
39
4
0
132
88
79
440
4
44
16
60
24
40
392
48
72
840
48
115
27
12
204
30
8
14
66
33
0
50
18
36
12
24
11
132
28
120
1425
267
220
6
60
90
112
35
8
4
6
68
32
24
18
56
20
0
27
102
120
265
5
28
105
280
378
175
56
68
36
121
45
18
231
30
50
175
15
15
18
10
8
20
6
36
16
25
12
1
54
50
20
546
1064
120
120
14
36
50
24
42
60
24
38
736
24
27
60
50
24
54
12
18
80
10
16
32
42
36
48
15
18
5
36
588
20
945
57
245
144
378
24
60
28
114
35
48
20
25
4
18
18
16
20
11
76
39
120
42
36
5
144
8
6
9
12
11
30
0
23
48
360
120
56
9
600
165
9
30
56
30
54
135
320
2850
342
36
175
80
8855
24
84
42
10
210
6
70
15
322
6
42
80
144
12
6
42
80
312
680
110
70
35
588
6
42
80
12
25
110
108
42
0
560
13
10
14
0
0
100
84
121
70
80
30
108
0
0
0
105
315
94
40
50
8
234
243
72
120
0
0
30
72
48
45
1564
0
84
20
275
360
80
9
155
48
140
59
90
24
527
24
21
21
12
27
99
99
168
175
840
16
21
36
7
20
10
816
24
6
20
12
188
42
252
50
9
51
12
55
50
112
30
6
36
15
69
112
112
159
24
138
144
10
735
40
4
12
0
105
33
6
60
10
1980
72
56
70
154
24
105
140
48
44
16
12
21
2
9
175
105
105
51
21
18
2
42
300
90
175
13
12
12
70
105
180
40
66
12
12
70
850
140
22
0
15
5
0
68
51
42
1050
8
6
24
6
10
0
48
5
160
102
0
300
180
980
70
8
57
54
216
12
40
35
126
567
50
280
30
132
235
5
26
6
162
18
147
64
2
14
186
23
9
36
140
24
8
12
36
264
8
24
8
153
25
9
6
24
18
30
36
162
15
4
10
15
418
640
396
741
96
15
243
416
1862
224
1610
126
1065
11
9
156
770
15
0
66
195
12
42
125
30
36
20
30
66
429
28
36
10
4
84
60
24
42
36
15
94
595
147
414
24
36
161
12
12
48
42
60
342
0
8
192
9
68
20
24
12
24
1989
6
22
22
24
0
16
12
15
6
18
28
40
66
6
0
12
48
13
8
12
10
21
0
100
32
4
36
836
18
200
60
72
198
108
100
12
12
40
8
156
4
70
90
26
16
10
42
48
21
21
25
72
0
90
15
20
56
36
9
8
12
9
12
15
8
8
8
10
18
12
52
32
15
9
16
276
450
528
10
32
9
30
12
2
18
12
10
72
76
50
14
45
10
126
33
21
320
729
40
0
150
64
264
175
60
10
138
63
15
21
32
50
63
5
30
12
12
207
18
36
66
16
18
30
30
36
132
48
12
24
25
12
48
45
162
48
75
24
80
10
16
132
50
0
45
2189
12
10
96
110
390
18
20
44
12
18
48
8
1330
8
8
9
8
10
132
76
16
30
12
70
20
24
6
18
10
84
75
39
16
8
12
13
12
12
18
108
0
0
68
0
5
0
24
12
0
133
12
14
8
236
65
10
10
12
10
8
20
14
45
12
99
44
42
12
15
0
8
112
0
0
4
288
117
21
20
44
105
72
12
56
88
36
235
76
456
48
0
84
5
24
8
30
6
46
16
51
24
12
476
144
12
33
13
12
51
60
29
48
248
308
45
16
12
0
20
147
9
196
40
6
18
27
36
6
48
260
12
42
94
24
24
18
192
21
56
36
12
168
168
22
162
12
12
12
24
34
20
11
15
8
60
120
36
12
16
22
24
12
18
9
14
10
267
21
10
9
6
4
14
15
15
15
6
15
24
28
12
90
28
18
168
28
12
12
9
32
120
21
35
12
8
8
35
18
32
18
9
8
16
40
24
14
15
15
75
12
18
15
28
10
98
50
50
7
0
8
50
28
10
0
56
84
63
6
0
75
15
15
15
24
24
75
15
10
15
75
15
15
110
14
44
20
15
0
8
27
0
15
12
10
10
108
46
16
90
16
171
36
18
24
12
8
10
21
60
22
20
30
14
50
30
45
8
46
72
56
50
108
40
54
12
12
8
14
24
90
28
25
248
1645
16
10
24
18
0
14
14
12
18
12
15
15
352
32
15
9
15
88
18
12
15
12
12
15
50
15
8
10
42
21
21
12
125
16
18
78
65
85
24
24
10
10
5
54
60
24
48
36
30
34
30
12
9
20
11
32
25
12
21
12
11
12
132
84
23
14
32
180
2
24
24
18
84
0
15
168
75
15
15
10
12
15
15
75
6
60
15
15
300
7
21
8
84
144
16
324
30
18
550
84
102
119
14
4
10
24
216
470
22
20
161
12
14
660
28
8
714
153
598
595
297
15
24
21
72
12
21
12
110
10
12
0
160
28
16
12
20
18
12
170
18
25
9
8
22
30
48
18
18
50
6
40
16
14
126
140
18
75
30
8
14
30
10
102
8
12
175
0
13
15
9
60
34
21
304
8
48
9
8
357
56
378
14
16
56
45
18
30
46
50
16
8
60
34
12
25
76
16
42
3
16
10
9
38
15
48
28
32
24
24
24
12
12
20
38
10
10
68
7
23
0
20
102
462
16
234
10
15
14
13
24
48
125
8
17
0
6
60
16
88
8
40
160
12
0
0
264
88
8
9
150
8
240
102
330
38
161
0
4048
177
108
60
30
0
8
4
295
54
196
18
135
8
7
4
400
24
32
32
24
20
8
12
175
3105
22
196
8
135
15
16
935
7
23
12
14
15
70
32
15
18
22
72
12
24
56
8
10
12
5
64
16
14
12
1224
44
2
28
100
15
0
36
10
21
6
0
48
30
9
8
12
92
23
72
56
90
376
10
25
56
56
8
255
8
69
28
120
21
40
20
9
36
56
40
20
32
30
7
16
18
12
472
50
232
17
15
52
10
48
44
117
30
64
28
38
14
32
1032
13
33
70
60
56
8
30
8
6
12
15
60
14
90
96
220
8
56
12
10
10
6
195
462
220
165
10
10
12
10
10
10
8
9
12
10
10
0
15
60
25
140
18
12
20
20
8
6
72
24
216
132
234
8
20
114
42
38
60
55
18
40
40
9
9
6
8
42
9
180
1881
56
168
72
42
60
255
50
42
72
180
10
24
12
64
32
130
46
45
48
72
0
14
60
8
8
8
120
792
60
0
60
870
150
242
28
45
52
116
110
36
70
385
6
195
196
98
18
65
16
94
8
84
179
36
52
48
14
24
12
15
12
12
55
12
9
140
9
26
140
15
0
6
30
16
0
96
6
22
22
6
8
44
14
48
10
12
20
62
532
12
12
184
36
192
45
20
38
16
16
42
690
70
30
69
30
24
141
141
14
60
12
100
6
16
96
1785
8
1938
2115
20
19
12
306
14
144
112
8
18
10
15
534
60
112
124
230
330
0
60
0
6
16
36
1330
30
30
12
455
204
126
225
28
24
297
324
682
18
12
40
24
70
20
20
55
616
84
0
12
0
60
280
36
288
90
72
9
36
30
12
12
20
12
112
12
12
12
20
80
10
60
0
70
300
14
30
0
54
40
60
24
425
68
6
115
9
220
20
48
396
66
34
60
242
112
28
10
10
20
10
38
30
117
36
480
3
69
15
28
14
9
29
10
18
108
22
40
147
59
29
138
11
12
9
9
56
74
196
38
348
22
11
10
12
6
10
18
8
11
160
16
266
30
188
266
66
112
36
72
47
18
66
156
44
33
60
36
84
25
0
6
42
0
18
88
42
84
10
72
24
144
19
11
11
32
140
276
28
0
11
40
18
162
175
6
30
55
245
10
0
24
24
48
55
10
8
47
140
60
56
32
81
2304
91
1430
220
72
30
12
8
10
8
20
144
54
36
120
0
180
50
20
12
10
12
45
50
176
48
45
80
474
56
324
15
96
10
84
140
30
16
462
144
116
108
36
15
80
120
7
14
8
12
174
114
75
14
11
16
63
399
126
10
16
20
28
318
702
16
282
10
174
56
102
16
12
12
210
15
18
4
273
21
114
460
24
56
20
12
16
18
15
12
42
21
168
15
360
45
44
188
60
432
12
156
8
30
12
16
84
36
48
88
36
20
10
8
10
6
18
16
16
315
12
0
0
48
12
12
36
16
28
90
21
45
14
90
12
28
60
12
100
42
35
16
12
72
9
40
28
18
8
54
10
48
84
390
1422
0
0
12
14
126
162
852
16
16
0
20
12
11
475
136
81
16
14
117
21
213
51
270
18
12
168
184
60
10
20
14
14
46
66
18
6
8
30
64
6
12
14
16
6
12
16
12
15
6
6
14
9
10
12
6
6
8
9
9
399
18
8
8
6
6
12
8
15
6
6
15
30
24
228
3179
12
8
14
28
27
90
12
1062
4
14
6
10
18
14
12
30
10
24
64
15
20
12
54
34
8
9
9
16
28
4
21
32
8
1253
12
0
140
12
15
10
8
30
7
42
28
15
84
102
60
140
12
20
216
49
159
14
285
100
0
36
72
120
40
18
100
18
50
140
180
9
11
12
75
34
0
48
81
165
220
220
180
44
144
60
15
24
6
6
60
10
14
10
48
24
12
9
9
12
6
968
35
10
10
15
14
84
315
304
140
210
176
57
8
12
8
490
9
8
10
33
136
90
11
20
12
18
368
24
250
10
18
12
60
42
245
16
24
10
9
8
16
18
8
12
9
36
20
45
80
60
21
30
10
90
60
70
60
60
20
20
12
1955
900
240
150
380
10
10
27
9
130
12
12
18
20
605
12
60
12
10
1955
15
21
12
1955
36
10
80
18
52
9
700
20
88
23
50
18
11
16
10
276
0
72
14
160
100
48
0
8
12
75
22
140
84
80
24
79
10
12
42
180
25
6
8
8
12
15
12
12
48
12
6
24
44
48
4
6
6
21
12
18
21
22
6
80
8
21
8
165
75
66
27
9
8
9
72
85
15
714
10
10
8
12
168
16
69
6
15
10
198
442
126
188
236
10
8
225
175
63
72
21
44
462
80
36
12
12
8
45
40
108
12
112
85
56
102
72
0
0
0
36
10
90
30
27
24
8
78
27
10
12
18
120
20
36
30
90
12
27
22
8
10
10
22
60
8
72
18
27
36
70
12
8
40
4
36
42
30
100
18
20
16
27
27
300
0
75
30
12
18
25
30
12
168
64
0
0
0
18
224
2
60
12
68
20
48
34
28
1
36
6
12
1
18
40
48
4
10
15
12
180
88
12
14
15
490
304
108
8
12
12
147
286
30
360
12
8
1008
840
24
15
45
12
10
11
170
20
144
330
17
6
7
18
30
12
50
14
16
8
42
36
700
35
6
8
8
35
112
21
30
35
96
16
10
15
154
78
78
14
96
60
650
78
12
36
21
34
84
78
16
112
12
294
50
6
21
9
33
51
51
51
15
15
51
14
60
78
20
15
15
15
78
135
75
24
24
24
204
12
17
78
45
105
10
15
650
165
20
78
935
30
60
10
72
9
22
80
84
132
70
120
16
546
56
105
72
238
30
42
78
160
15
78
10
72
15
18
50
12
32
12
120
14
36
36
85
16
12
12
16
7
11
30
18
12
11
88
33
168
102
21
135
225
8
30
40
12
8
17
12
60
30
12
18
6
36
30
12
4
28
51
11
20
30
14
96
66
8
33
24
8
36
15
21
10
124
36
105
22
48
14
96
36
36
84
12
10
10
14
230
110
92
260
12
36
16
534
168
33
15
33
36
21
6
10
8
36
36
105
21
20
10
27
42
36
36
10
14
10
10
35
48
8
21
15
0
9
12
12
8
190
28
20
20
288
1386
16
16
40
17
45
30
8
35
20
22
27
2
1
4
80
28
22
9
15
40
7
28
6
18
20
12
15
24
0
15
28
110
136
8
14
275
15
8
12
8
12
13
8
18
12
66
168
20
12
54
21
19
11
32
36
11
18
115
19
21
8
20
57
44
8
9
16
9
24
60
48
7
15
0
19
15
15
288
10
17
12
15
17
12
12
12
12
22
14
54
28
20
35
12
36
55
8
22
48
7
15
20
33
34
64
12
42
140
12
65
12
45
12
10
12
8
12
8
8
203
138
8
6
8
28
42
70
165
12
161
20
56
84
45
126
189
84
105
161
44
80
47
168
30
30
12
20
28
156
600
88
12
15
15
70
260
200
1495
15
60
66
1425
20
24
36
26
35
8
12
6
4
10
10
18
8
70
14
84
10
7
20
147
16
76
16
24
21
12
6
0
36
24
24
33
8
11
18
16
24
45
64
60
6
78
0
203
24
14
192
30
21
6
14
12
39
11
12
12
136
105
6
10
162
44
18
8
8
26
12
7
9
6
0
69
45
20
18
72
24
32
55
90
44
20
12
12
36
32
30
12
12
20
10
0
0
68
0
8
486
8
18
24
6
20
16
12
8
0
18
348
104
56
9
18
30
20
18
24
32
9
14
15
21
32
10
10
10
8
27
16
26
6
8
10
12
105
58
24
10
10
20
10
24
0
15
112
12
125
48
12
18
8
0
12
210
14
16
8
30
12
7
8
8
19
9
12
20
92
3366
80
72
72
63
8
30
42
8
0
494
0
161
0
7
10
7
55
35
176
517
20
36
300
7
10
16
7
517
255
188
140
252
42
8
392
42
8
35
30
231
33
21
8
0
80
688
12
62
18
210
69
0
0
23
9
28
12
8
6
12
11
84
10
15
17
19
9
112
12
6
14
8
28
10
20
18
30
20
462
23
567
28
12
30
20
12
15
9
24
24
76
6
36
0
80
8
10
10
24
8
0
16
27
100
24
24
30
14
7
22
24
8
16
10
12
12
6
21
42
270
15
12
12
18
18
18
10
13364
21
20
0
140
36
414
528
1127
8
8
220
8
128
1100
840
18
36
10
15
35
20
57
54
54
54
10
12
14
576
54
54
54
54
54
48
6
18
8
54
32
32
1152
32
175
210
6
239
455
36
12
54
48
12
20
1
20
36
28
45
110
290
80
80
88
70
12
30
120
14
20
12
8
14
168
264
300
12
18
24
36
56
18
6
16
16
10
24
70
0
0
12
8
10
88
0
12
56
15
20
0
12
14
175
18
36
10
15
132
56
10
39
15
12
66
28
66
30
12
32
175
118
30
12
10
32
32
54
20
14
156
36
54
36
44
60
30
1001
35
16
32
48
30
24
8
130
8
60
33
33
7
12
51
48
85
52
312
24
8
8
10
24
160
63
105
68
15
72
60
14
624
6
24
6
12
8
32
15
231
15
12
36
60
59
38
2
10
79
10
59
75
6
0
110
100
110
42
120
42
42
162
90
338
8
18
20
0
18
27
96
144
160
540
132
45
144
33
72
300
60
81
30
0
12
22
90
60
10
357
126
120
8
14
280
32
12
12
12
966
55
88
341
33
28
9
12
8
88
10
24
14
32
12
35
99
14
32
19
392
63
140
70
12
0
0
15
80
12
12
36
15
8
12
15
12
7
9
50
8
24
21
390
124
27
24
190
12
78
12
230
60
155
36
24
40
495
45
445
8
6
10
48
30
126
12
12
15
42
0
45
8
15
12
12
1900
330
26
126
72
8
8
8
16
8
10
33
16
220
399
399
265
210
1540
368
540
36
68
210
5687
3813
165
483
483
792
16
150
110
48
24
8
12
78
22
171
105
100
60
87
20
210
186
50
756
140
130
210
252
150
54
30
0
60
78
248
108
10
9
12
36
75
36
28
8
18
14
30
40
15
10
12
15
56
10
63
80
40
186
12
10
32
12
20
32
12
15
18
36
42
30
24
18
16
486
28
15
24
17
20
24
55
56
12
6
24
11
9
36
54
6
10
15
56
161
15
45
12
36
12
15
10
0
9
147
48
50
68
6
18
16
20
486
45
130
40
72
105
10
56
63
15
36
96
36
105
162
42
12
120
45
54
154
18
24
105
42
18
0
12
70
36
207
590
14
0
0
80
156
380
8
0
0
0
156
70
168
360
560
264
12
234
276
10
12
6
192
264
14
18
12
290
355
75
14
14
15
87
623
84
295
345
483
30
36
13
18
10
207
12
16
710
14
210
16
70
84
276
32
11
639
14
24
84
12
12
168
252
174
10
531
21
70
44
132
180
8
12
6
6
12
40
884
5
120
75
108
406
216
532
75
126
60
52
120
140
78
40
30
30
120
96
75
128
100
45
18
280
12
22
108
40
484
8
620
6
170
1683
6
420
12
0
6
250
12
6
10
20
22
6
8
42
42
88
16
30
36
90
572
66
506
30
6
30
126
153
0
18
0
35
50
8
24
52
20
60
39
4
165
24
10
850
108
28
10
10
40
36
462
546
9
12
147
0
6
24
24
18
12
18
18
6
8
4
18
7
12
7
5
5
12
4
4
56
2
4
8
8
6
18
80
12
28
24
10
188
18
20
78
141
24
162
100
2990
24
4
8
18
156
12
19
40
42
44
4
18
28
15
480
42
12
6
48
10
308
264
8
8
4
20
4
96
225
72
28
12
10
9
2
18
48
18
30
20
4446
84
232
12
12
30
8
24
4
42
20
27
204
224
570
15
28
28
42
15
228
6
8
35
4
48
56
320
392
66
20
98
100
100
132
18
55
66
42
15
52
110
70
75
66
12
30
40
9
9
21
70
50
50
24
39
64
50
18
50
8
20
48
16
18
19
10
140
30
4
2
112
36
6
12
30
2
15
1188
108
330
570
48
4
2
7
2
6
78
35
60
0
0
2
56
20
78
210
1716
18
60
12
80
36
6
210
4
30
188
9
200
0
188
70
1710
330
21
20
12
8
12
20
99
80
42
432
24
114
42
54
24
702
24
30
12
15
16
16
9
10
12
11
10
12
8
5
18
16
18
40
28
24
36
350
210
24
30
6
56
10
52
15
8
10
10
6
10
14
13
34
60
18
13
128
35
210
252
30
27
96
90
1495
65
12
12
10
12
13
56
102
48
15
62
52
12
4
96
72
40
66
72
24
30
102
66
60
180
38
12
78
17
50
6
18
12
22
200
13
32
24
22
24
24
20
459
96
24
16
36
28
60
6
6
8
18
24
16
8
7
16
33
13
24
8
24
0
105
24
595
160
48
16
78
72
184
36
30
24
135
120
756
48
26
480
350
36
26
12
12
16
12
33
18
18
24
16
12
26
12
6
28
126
12
315
112
36
36
26
0
57
75
8
12
12
36
12
91
32
90
12
18
22
12
15
18
20
40
54
92
78
30
42
72
33
384
72
26
12
55
18
48
12
112
18
6
18
40
11
6
132
64
51
2130
108
24
18
285
84
180
72
10
48
16
0
10
33
18
30
8
36
18
12
10
15
11
354
12
180
30
75
55
24
24
12
70
60
90
8
13
24
11
48
0
48
6
24
12
6
96
24
90
152
175
60
40
32
40
126
45
56
27
12
30
8
12
15
20
12
144
6
96
8
11
6
18
171
30
44
1200
24
24
190
30
35
140
36
60
6
6
0
8
36
0
16
12
12
15
153
711
36
48
126
62
400
10
8
72
8
18
2172
15
672
60
24
30
12
16
12
132
280
9
2
616
60
24
30
90
195
112
48
4928
12
8
102
10
12
18
0
39
12
12
16
16
9
18
42
36
170
119
21
385
42
69
72
84
54
28
12
34
10
10
18
18
30
9
9
17
14
10
9
12
68
24
162
30
40
36
30
484
24
60
9
44
18
8
12
26
24
45
9
39
12
24
6
36
63
44
45
42
126
99
90
162
152
392
4
144
22
12
8
10
11
16
20
15
16
10
48
12
12
252
70
88
80
24
39
264
36
48
8
18
18
24
16
18
6
6
20
0
4
40
8
13
350
72
72
72
45
45
468
192
325
10
12
12
12
10
19
15
36
8
18
10
12
8
30
320
30
693
36
34
21
196
28
60
16
1344
64
8
84
12
9
8
14
10
8
10
6
8
8
14
16
50
130
28
132
10
26
66
8
18
12
20
8
10
11
8
8
12
14
16
90
252
2166
36
48
16
36
12
12
16
22
8
10
30
0
10
63
12
45
32
30
32
8
20
10
11
11
90
18
8
5
96
12
12
12
51
14
187
24
30
20
16
11
18
14
6
8
8
16
33
10
12
12
14
30
45
30
20
5
16
14
12
12
33
18
20
4
22
12
12
54
52
24
95
36
8
19
8
27
16
14
18
12
21
12
20
140
36
216
114
15
11
8
15
12
15
27
18
12
12
60
34
18
6
10
12
10
12
9
0
15
12
48
12
24
12
16
12
4
8
188
44
192
2
144
30
150
290
60
11
138
297
15
15
33
24
20
96
24
12
52
12
18
10
8
8
60
10
8
12
30
21
15
12
4
1
12
12
16
6
42
12
6
14
166
50
10
168
14
12
16
4
0
52
12
20
8
20
10
8
22
52
12
18
14
24
8
0
45
12
18
11
15
18
18
18
52
12
12
12
16
5
8
1160
120
30
0
12
36
90
18
14
6
18
12
16
5
11
6
10
30
18
12
20
12
96
12
112
28
52
12
336
16
16
12
12
54
36
12
13
48
6
12
42
192
72
30
6
40
12
27
9
36
21
12
60
12
0
15
11
10
70
100
595
64
12
10
12
12
12
14
36
100
12
5
0
20
20
52
20
96
8
4
11
50
52
16
16
9
14
130
10
12
10
50
12
16
24
36
10
6
5
16
12
20
22
0
12
8
48
24
60
112
42
30
18
112
156
80
120
32
132
48
450
128
1624
270
810
780
1152
640
728
140
216
144
805
8
104
35
195
240
27
156
165
165
24
396
210
80
165
42
66
165
90
6174
630
300
30
78
50
24
30
96
32
46
72
31
88
16
26
6
4
10
15
119
150
95
44
200
1
8
4
200
0
0
18
8
14
72
10
24
252
384
315
50
8
22
255
52
12
342
70
660
196
45
174
72
8050
44
196
0
117
19
105
8
231
28
15
32
663
156
658
115
98
30
8
1380
2288
1862
8
144
8
0
8
0
440
13
40
10
150
486
36
0
45
156
20
210
120
124
6
36
190
84
60
352
60
190
12
44
10
54
32
54
54
32
9
7
12
36
20
36
32
30
15
10
54
32
60
105
8
16
24
24
24
490
36
12
20
12
24
60
36
48
12
105
45
45
36
207
182
30
92
168
84
21
1078
30
11
18
24
53
0
32
22
46
108
62
0
30
12
50
460
12
5
12
138
112
99
4
20
0
8
28
16
40
28
12
0
0
0
44
15
48
28
49
90
18
16
207
80
6
14
38
36
18
54
21
54
46
50
70
28
36
10
0
0
0
119
204
168
84
45
475
10
6
445
170
6
105
60
14
75
10
0
66
342
85
62
40
0
16
36
36
20
12
24
0
10
48
30
39
12
12
48
120
125
351
28
330
160
21
282
10
36
30
90
20
32
168
144
45
58
8
10
30
30
30
30
12
12
7
50
44
351
105
30
12
286
192
105
51
5
18
25
12
21
8
4
84
45
20
18
18
18
105
34
10
35
36
46
60
16
36
6
20
80
15
0
0
0
12
60
34
0
99
18
4
19
18
28
12
210
12
9
11
100
4
35
84
64
177
51
3
0
42
10
24
0
161
24
56
8
12
51
42
24
24
10
50
24
112
47
58
56
1155
12
210
7
32
21
12
8
9
10
20
0
56
12
12
12
5
15
30
990
12
12
30
10
6
40
26
16
0
2
105
18
15
13
126
120
168
0
6
6
56
8
12
10
14
6
15
40
56
15
6
30
15
12
6
80
45
0
35
30
30
56
56
50
16
34
4
12
10
56
10
30
14
15
36
70
30
30
36
28
12
28
12
18
8
0
11
12
56
140
180
42
12
18
147
126
54
104
9
16
16
16
55
6
16
24
9
14
12
56
4
10
24
55
24
24
9
25
48
30
40
48
10
7
24
15
24
70
88
12
11
12
88
40
924
40
23
16
10
15
176
48
60
9
5
15
24
18
30
126
5
12
60
8
36
35
18
32
210
10
14
30
56
31
64
28
112
1140
550
72
40
12
21
66
8
8
880
18
18
40
70
104
12
12
21
0
8
17
6
0
32
11
10
12
24
406
50
2
160
7
68
40
16
60
18
16
12
10
48
25
2
72
48
28
45
72
2
575
99
5
20
140
60
13
45
12
182
44
5
50
40
188
20
0
40
5
76
210
136
0
14
25
34
12
12
32
42
15
20
40
10
108
462
30
10
18
264
22
28
15
8
8
756
116
38
2
22
21
22
8
0
0
12
30
24
10
84
23
90
12
18
14
12
44
24
24
12
10
78
40
27
18
36
96
51
12
42
7
40
15
76
1836
10
12
12
30
12
6
18
0
14
99
12
32
12
84
114
272
108
72
18
110
34
30
22
50
18
24
80
9
239
9
125
64
33
18
8
6
10
57
0
18
8
16
27
12
24
90
12
0
28
112
40
84
16
10
76
60
18
27
273
6
855
1431
189
2
16
84
12
14
336
192
14
69
42
45
9
14
355
28
141
117
30
14
141
117
69
8
45
63
180
24
14
141
28
175
210
22
16
48
21
108
45
8
10
10
22
20
20
14
8
18
238
12
30
8
16
12
0
0
1008
23
18
21
22
10
2
28
10
20
9
23
116
396
38
50
153
168
252
10
16
10
16
282
275
7
348
474
35
22
10
42
168
12
282
56
59
21
75
126
192
10
8
6
116
16
32
660
16
21
30
30
126
88
12
36
12
30
24
12
180
10
47
6
12
12
6
4
456
104
120
8
40
168
112
315
399
12
14
16
100
459
801
320
24
112
8
14
372
60
376
282
177
175
4
10
8
19
12
4
10
14
60
60
230
12
32
20
216
132
184
76
637
56
12
7
10
1140
108
354
15
12
12
174
156
192
16
15
8
16
8
33
20
14
75
9
12
8
280
352
33
264
12
10
2
84
944
308
51
60
84
12
30
108
36
12
294
14
12
18
5
84
8
12
192
50
12
8
12
12
72
12
33
10
10
24
56
8
8
6
6
24
12
8
24
15
8
6
12
10
16
108
18
250
6
12
168
114
8
108
6
12
10
207
16
175
45
10
30
8
72
60
70
24
24
7
0
16
36
44
24
168
33
300
0
8
6
14
9
4
6
8
10
6
14
12
28
8
12
24
12
21
14
18
7
9
9
10
108
8
20
32
16
8
15
18
9
14
8
8
28
8
12
12
10
15
18
8
44
420
8
10
8
1300
20
22
8
108
112
150
12
8
30
220
231
25
60
10
15
10
180
0
12
18
15
15
130
20
36
12
8
30
15
6
12
0
20
14
8
18
12
12
34
15
12
9
8
22
9
17
18
6
15
56
24
26
21
16
12
12
16
20
60
8
33
6
36
30
24
28
120
252
54
36
20
45
10
10
100
968
12
114
20
24
8
66
55
60
8
12
15
12
20
28
10
144
15
65
270
75
605
2
50
30
18
168
99
64
990
48
14
18
323
12
48
14
684
154
6
48
9
70
6
4
12
28
1064
200
294
24
16
144
2700
24
24
21
75
2
10
14
7
28
144
24
75
90
189
60
304
560
200
72
476
12
12
648
95
15
10
24
6
10
9
60
15
8
8
36
18
20
2950
24
24
4
16
3872
24
18
21
11
36
6
486
168
70
294
48
63
792
9
8
105
90
12
20
21
18
12
6
16
12
12
12
24
12
42
20
476
10
14
51
11
18
48
42
16
12
12
8
10
315
45
8
10
12
8
30
6
12
15
12
20
228
22
7
42
21
12
4
10
13
0
12
68
12
20
210
75
12
12
24
105
10
3703
18
24
8
7
28
24
25
45
14
20
18
4
15
15
98
11
21
70
35
36
168
32
84
8
30
39
24
10
26
16
18
16
20
34
18
42
12
28
18
10
24
8
8
20
13
8
9
24
8
9
12
30
4
40
30
20
14
54
12
38
15
180
12
12
54
24
24
12
21
354
16
56
26
12
36
306
16
8
12
10
12
80
4
20
12
8
10
399
36
35
0
19
7
705
1425
12
10
12
8
24
24
18
9
20
12
10
26
40
8
22
20
27
16
9
22
8
8
9
8
35
24
32
24
0
84
6
12
14
12
63
9
10
6
10
16
48
12
48
90
142
81
10
16
27
20
39
36
18
10
200
18
84
80
36
70
8
8
24
30
20
36
6
10
10
50
14
15
12
6
20
51
48
30
8
20
6
18
92
440
12
192
4
8
10
10
368
6
77
104
24
24
24
8
16
12
16
24
48
12
440
0
50
440
10
144
8
24
105
231
0
8
24
9
16
66
60
20
17
64
0
0
52
9
36
4
9
10
10
18
34
10
8
39
20
12
38
12
0
7
12
10
16
24
20
12
12
25
60
22
15
35
25
4
44
6
6
12
28
147
693
567
28
147
7
9
20
8
28
36
31
14
7
18
16
459
12
35
8
6
18
24
35
12
15
30
15
30
8
24
15
15
60
12
10
24
12
12
14
6
12
24
35
7
20
16
24
10
90
7
8
136
0
18
15
6
12
12
48
0
8
24
10
55
16
15
12
18
16
0
8
0
10
6
16
11
12
96
120
0
8
78
0
10
20
12
70
28
8
20
10
5
15
10
8
18
119
58
10
21
12
15
23
60
25
8
20
30
15
63
84
105
4
112
26
85
72
12
28
60
24
16
0
9
0
12
10
66
16
120
0
6
0
0
1064
480
105
448
14
20
12
12
1485
136
88
308
96
4
32
8
60
285
24
34
54
144
54
54
28
30
14
15
33
48
120
12
145
30
10
10
150
78
174
168
216
36
28
90
116
40
42
144
18
54
8
4
35
10
12
35
55
24
8
30
40
36
68
10
30
15
15
24
35
30
15
12
12
35
12
48
24
10
10
30
35
85
0
33
15
14
85
243
156
9
36
24
40
32
48
30
22
48
9
9
12
92
8
26
40
24
40
48
36
126
6
36
60
36
32
0
165
104
16
8
150
12
18
392
10
12
9
12
15
70
476
38
12
702
40
24
44
42
168
0
9
7
20
24
300
300
24
18
318
12
20
14
20
330
330
342
2
38
12
12
276
276
180
10
138
135
354
288
132
14
27
30
14
213
295
144
108
159
609
48
20
12
213
24
9
12
10
8
23
0
8
12
10
8
70
70
12
12
10
20
156
12
10
10
6
56
60
12
42
35
12
8
12
6
105
372
32
112
243
70
175
6
168
20
90
180
20
8
65
45
45
23
16
44
1350
6
171
30
14
28
7
8
12
112
44
70
24
8
8
14
24
16
18
60
6
6
6
14
18
6
8
8
27
8
2
10
90
12
24
20
108
216
10
0
80
25
280
28
12
60
140
175
280
44
56
12
21
21
42
48
70
70
102
264
18
20
12
12
84
40
56
76
7
24
56
30
56
48
14
12
63
24
42
56
30
0
12
33
590
60
140
12
32
24
8
48
220
35
50
0
18
21
56
30
12
9
20
12
8
12
56
6
115
14
30
84
16
66
26
12
180
72
48
45
168
19
138
36
0
81
21
352
192
16
60
35
29
126
2200
28
12
28
8
24
16
126
112
9
78
15
80
80
42
56
30
24
12
35
84
42
48
35
15
18
6
16
0
0
20
0
45
40
12
9
50
60
24
20
0
12
12
204
376
0
0
12
0
0
10
120
30
10
7
24
20
231
24
46
32
12
54
20
50
90
32
32
32
14
14
10
12
10
84
75
15
0
10
35
81
70
65
10
11
50
36
65
75
9
14
220
30
50
12
310
50
45
70
12
28
50
50
112
36
20
21
30
50
40
45
12
175
55
114
15
18
22
15
66
12
30
75
75
75
84
140
80
36
84
84
84
75
12
36
42
12
84
70
84
84
15
75
15
64
12
12
16
34
24
15
84
75
10
11
12
15
84
84
462
8
66
125
84
75
204
24
24
66
45
21
168
75
4
24
8
75
15
60
144
9
42
72
144
156
55
175
175
100
1360
30
45
48
30
20
112
800
48
252
9
175
42
24
354
1078
60
10
20
28
30
336
9
25
14
24
170
51
18
24
24
24
75
48
48
14
10
90
72
12
16
16
80
10
18
30
20
13
20
4
60
36
15
32
216
144
288
184
90
72
40
0
70
147
60
24
8
76
12
36
15
9
14
18
15
38
0
14
18
36
24
6
60
12
24
20
30
60
378
2
12
12
12
14
0
110
15
66
14
96
90
32
12
36
60
120
60
112
5
114
110
150
60
42
15
12
7
8
39
48
22
120
90
10
14
10
10
24
12
4
15
15
8
14
6
12
10
48
10
10
4
76
40
6
18
6
6
50
12
12
10
10
16
14
12
80
228
18
14
16
12
20
21
24
0
140
136
70
40
18
20
138
50
13
12
18
114
12
12
12
1716
300
12
60
4
10
12
36
60
39
140
165
60
12
78
6
84
8
80
28
352
1050
5
8
36
12
280
1512
1045
5
10
12
18
200
45
60
26
4
12
8
1190
8
20
42
30
9
10
100
18
595
1170
12
6
39
266
161
27
66
99
156
28
64
10
85
70
2365
8
8
10
10
12
60
24
18
16
8
32
10
12
8
12
252
75
10
10
21
354
12
60
60
12
115
24
48
24
10
7
12
8
7
12
49
363
39
20
18
12
15
16
10
8
30
15
21
16
12
152
8
10
10
12
0
18
70
12
0
22
78
72
33
24
42
6
6
10
21
10
8
16
16
14
21
72
20
36
0
16
15
18
15
35
4
12
9
16
21
9
12
18
30
0
12
7
10
8
14
14
14
27
8
8
14
24
16
6
9
24
12
12
10
154
24
4
10
7
21
10
30
12
120
22
7
10
12
12
40
6
14
120
160
0
0
12
88
63
140
56
640
845
40
363
12
30
5
72
102
77
14
72
192
126
66
108
36
75
12
12
7
0
24
135
140
20
578
12
42
160
1410
2040
18
32
22
42
2040
1395
210
80
12
12
20
20
18
2
6
10
7
18
10
1955
10
8
14
81
110
1955
126
1955
605
605
352
15
10
6
7
12
36
52
56
40
14
20
8
150
8
10
30
84
168
40
70
175
172
10
0
0
12
142
32
144
12
44
36
27
12
36
42
18
18
90
18
9
48
48
27
18
16
24
10
36
64
14
102
30
45
22
64
100
22
252
252
12
70
4
153
78
78
72
4
12
6
16
40
105
78
20
34
78
24
78
20
266
650
34
50
11
0
54
57
12
51
51
51
51
51
5
2
7
16
78
44
92
0
8
40
75
48
50
78
12
24
156
75
60
45
84
50
8
0
72
100
22
39
105
105
161
5
6
10
84
100
224
68
15
40
40
16
38
15
21
20
8
8
12
42
30
8
12
13
6
12
8
16
42
49
36
14
24
26
28
9
12
15
35
12
49
16
217
140
30
28
22
20
24
90
36
22
12
0
28
16
42
117
22
24
138
203
203
8
60
12
15
48
36
44
7
20
35
88
232
0
60
36
8
13
10
0
15
36
14
4
36
48
10
87
6
4
12
24
24
24
15
15
4
4
6
15
36
36
102
6
18
21
12
40
0
48
15
12
60
51
203
0
105
84
9
10
6
225
72
7
24
14
12
8
35
12
8
16
40
56
1485
16
68
0
84
42
8
9
10
45
75
14
11
4
16
351
20
16
80
62
144
110
16
6
27
12
0
0
0
44
28
42
0
12
30
69
24
30
4
54
936
12
34
57
70
14
24
70
363
69
132
40
56
66
48
57
30
216
36
11
84
8
20
20
24
0
2
12
15
36
15
24
7
18
9
0
0
56
42
8
52
8
60
4
8
517
28
188
252
10
4
11
10
6
6
10
16
50
110
48
14
16
12
12
100
155
12
40
8
52
44
20
8
12
44
105
96
0
36
48
22
0
36
125
0
9
66
24
2
6
36
40
68
56
48
36
36
9
6
108
0
175
70
96
36
9
4
18
7
4
4
72
27
21
7
312
192
72
32
42
